SARI: 0.847513438250654
BLEU: 0.9476314875401359